-3.7083702103748237
81.26609050853948
70.90829548798135
117.74094586098553
70.60880645882602
103.92020601897698
41.22387152784303
141.07662140011416
147.7644109058756
177.66866549406348
74.75790565898832
100.14870694526356
78.37718525397457
92.27368141098336
129.99187387668778
100.76203060566105
132.4018094848891
101.68948886072822
114.76114580074605
82.66023853073813
128.37388871736044
84.79880706020329
79.85422734530266
116.80907214235117
95.96338568433606
117.99854824225447
63.824528683435325
137.2988029869066
130.34800723126298
66.20963953577088
67.24773114605178
170.90846438720183
87.42962393737375
86.9540768146738
71.82585438924386
120.43082260072204
94.8882314034163
93.7909404600839
140.74693946115198
166.50187065194066
107.71748932592897
96.15111784386477
110.82576663152206
129.11733258058638
169.88723222855344
88.6254843441599
144.61594150838545
102.33038900455561
123.5124539978944
90.5961109072826
137.9797164336431
39.94722224685866
86.53441849100582
150.5697053748721
78.18032284822934
108.59319257884559
113.44658487327601
68.27704218121922
114.55034879528291
74.46408466649747
135.17127958692157
28.908703850288205
137.49072913890842
123.41428568650623
91.98745754488071
83.48613761615027
109.87315667645211
130.93896590762395
130.91738882510833
131.41623696645274
63.14742935948153
157.45519046380457
132.15789689021042
106.93832177570786
25.24488580165189
90.63323456599139
79.14938365561275
147.99131627994566
81.9903518925609
132.8327769941685
24.764241687305287
58.377915627201205
84.90423337026614
158.1956085622977
70.02051700733273
40.15431330068647
76.63104362791563
124.40029532460767
181.84888077427433
104.331798438773
192.16865753332056
81.51658264627063
149.05020124184796
57.1922564145546
83.35435112923709
130.22273133695626
155.62579370778946
48.414101790922146
10.812164166836368
108.56253436242423
26.185799972362943
140.41689297910239
105.60232311874707
131.3168920751471
131.2664315069904
113.84417456005872
153.09443180502285
82.69670661659599
111.661422717042
157.7765762860222
128.31622110353337
137.79502045261063
157.9559177802683
92.68477672110774
130.0485288168906
74.17580183980387
168.1789867763947
102.20145162498753
113.76193699136236
61.66873997153926
141.80385954623654
20.20816798622228
189.70270442578038
106.28804884891719
45.14743750263071
91.79828840724271
69.94601878874636
164.76664220078152
25.074300898562342
112.08490271831283
89.15411352402015
81.91380669434028
89.30864321967115
132.68921108344472
172.6778576662167
108.63682220954128
114.57624775789353
148.8195618149098
104.54125419549231
131.6880620926203
135.39461927193804
126.01339240031511
134.14254804096657
131.24551501811197
77.67695346365534
81.64498203544666
97.35810174951239
106.2738751035
122.44293763066106
45.7796267802948
70.95474325410862
104.84923972647502
109.10089071783372
91.51370396811976
87.84907029834011
27.536610707412763
116.45191798721257
114.3343631540957
65.79710534635785
124.22108536382356
110.6438932418089
91.33089212890269
104.19062769818166
29.764874579790884
31.018850155013922
95.94522983547996
75.00616854573398
107.51869805027636
193.1531165904038
121.50990841273124
133.5803323715236
37.92644764136231
144.208965901469
69.12280823517096
165.13271565619564
6.060413573616884
140.59299385524184
121.50723018000737
61.45445948133201
106.20767737099474
112.03176099588619
70.86257606745107
49.43260456057239
152.95245207688885
25.934589690548364
87.4574267835341
67.15359249642327
114.0255797593707
60.860005376611205
173.36331359135792
132.2569125961478
119.11039584165798
110.71623195746234
51.4935660684489
105.30099021331195
-0.7870895586187316
101.5744797132882
91.19283758617424
51.48481453945108
120.38678756892125
63.11320111159267
136.30045562349443
74.01055036601356
91.67364712575008
107.58129160211749
92.27423338146674
164.24811517151545
156.9942412897616
88.31044514494825
62.18073293547631
28.14210348901392
107.30659109587181
57.111198245599894
72.62059882386959
135.62648458865644
94.21268030842025
145.26690675120642
154.8757553819031
103.64391899969735
37.72586319857521
133.64200037216736
187.81561395725154
129.55422083044346
106.48025203765208
75.63065482519859
142.1328632074622
55.41530208539578
130.41202705455183
108.40484592834068
94.65484051241286
88.00021946594823
44.311053609929694
77.82451439878662
104.35603007213149
73.96325298557159
95.61759037929883
167.87246131370807
94.23822753933004
122.38515794909749
9.653734859617401
109.5348896986908
58.468933949339174
136.6327537315244
41.87558207746597
166.31880162317015
139.15072386392637
112.86190976248085
74.7048274314014
70.49369779931368
120.43268305043836
144.6655472410128
115.76952290670417
163.20625367780403
124.3170788792722
145.51150978021943
28.053802436753614
146.24575742804188
59.61848661185796
35.10145048434114
137.87370910828884
91.1274912689494
77.88712057696365
61.35554666261858
68.75079107644288
122.22374384914343
23.913926422514052
101.03034226541382
170.62545221736815
117.78878946133749
108.28233349891931
136.88313893321777
89.6216046125617
62.08908783210277
75.14904123207933
105.95085185566984
123.58124277910757
111.48256026980631
38.009860709935104
75.26633504896836
153.0045601983098
108.72776553100337
95.62449652108548
95.04018077467828
114.1435680993548
135.04743965439707
130.87451807456034
63.276102808425044
182.12772751657872
101.31765375643248
50.365791762811526
121.10221796745014
94.36522584813449
122.64397002055225
110.96876072654486
101.76259027816582
150.91853863139127
80.74571108398032
166.08045027798102
98.18146201486854
102.6020698744984
56.87029881329377
86.63558260677333
135.71221350299055
76.98125388556527
33.0106904873157
53.42572079077353
75.03048953575868
160.0067368365994
59.81400546770503
67.65624332778151
137.09149967767473
15.500944045910089
57.18834275224115
149.02945746811127
89.76700574281747
139.7400104976241
110.28675305338732
111.19383147958752
100.31385413200488
96.50747934400013
97.888146980603
89.36460007428737
75.32957423365869
75.07000808799924
95.98867583299645
160.23026316549416
127.89508439977845
146.87431837454176
191.75589484692628
90.02263592794759
98.35830572183757
127.30250173440625
104.51467012482097
94.55693184684785
50.90128317686222
10.899032212815428
33.15495800615682
122.35667693786205
60.4123716051152
45.95133470406479
9.584225248953288
171.1307682636554
172.18821743276501
88.3599761607001
40.891117329461565
123.7027429830525
145.8456967330883
70.80357456183964
162.51502897109197
34.76900189071718
99.41608908809006
132.92550891822347
114.23335040353594
58.16873548102308
68.3811431472794
62.89671712826071
72.33122330304579
123.72752198156192
100.03528861170277
109.24100291159913
52.13175524484892
69.8729694388339
150.1374419958288
83.55952984673121
162.78206996283228
138.52533241802968
107.81059806622436
130.743759117903
104.63731488126652
94.73909190386107
119.89670148983589
48.532152606129664
69.23017243181118
80.76234836288114
94.08684751312622
75.22436918644361
77.7269057120916
94.31943063884185
133.7367890212064
160.87166724800628
65.0892450804007
51.07280451505234
121.3400203904225
85.42194376210948
79.25482665065958
67.26165026680336
91.5850217527802
144.82190106192883
85.4647081501934
62.45894591663866
63.172113850168465
62.08762715204025
18.785607713422763
131.54135026840265
144.81394109901362
90.83345202756904
96.16665418916445
113.40957150269871
159.77398264105432
136.47704646943424
144.68699392587553
77.29432293563234
95.45910718127475
132.91928998985574
133.06741893054445
105.6750691448332
61.42355698679487
77.95653190027315
111.7462419558824
142.35586731482428
59.517767936541816
138.62096141955186
109.52706260032643
145.7784889732294
133.64546070337587
190.86673732166605
148.4173149909296
75.14889654499405
118.42896544275263
142.339635146589
100.61626607195036
92.77093399512894
109.24118401207188
117.00338954295108
157.52144791028755
110.15066021544071
122.49740276919724
151.8228628590228
126.62063311530608
65.72629897910153
158.1979462680505
96.9019248584397
115.52395820746091
125.25861903229956
105.88884656945962
63.2690613452224
174.5737958372243
54.661501591570826
104.50418004713956
25.745593634127147
97.40102619536457
134.49975318224165
88.4931438535312
-7.581359892517753
92.86476958171296
106.7962813647479
55.92787666336481
64.09677581023749
51.640188371469044
71.75016353984114
91.99274429064108
164.66025444098779
137.2408167104041
7.1230409506569
102.56987304404448
60.18524877538427
123.28664272970761
70.2506794775579
143.56007783568992
85.63992060388473
71.95815621714215
156.01560520890104
102.87289836210145
83.12005726650212
78.83105643065596
93.64894334215846
76.15548120567502
31.831131437459646
100.26527853999342
173.1164841944619
157.8985318878986
160.11325143328304
135.6923078765252
97.50924464724443
95.38131736687889
129.71183744526957
119.16964587784864
16.6877764920509
58.26042275082259
121.4201932358055
105.01944816820149
103.9107956645088
68.2753621983045
61.23162182077755
128.2253669649916
147.91103166821
95.09757283621181
38.978487382861616
153.73786005104623
86.26082712047915
88.52824226726895
82.95074925154506
138.63015602654664
132.78962249369025
109.61086661029697
100.55303370460831
64.16568003417852
123.71120275651913
94.36532129466424
108.92675421015939
77.64727902674281
125.45025911496751
140.0601955797423
128.09598256923422
105.19740839951625
68.76533787736814
63.623885441819546
82.27217913586226
163.44085061715424
103.90763746138398
21.806347658733586
82.35151145131171
106.66339006091681
119.13277961628526
181.0218433285317
57.384831996767225
115.6262697662469
80.33426384447978
91.71609870554173
42.292775920038025
38.19613289199978
77.55560492074224
37.52063454132202
172.73274476824886
104.75333312866313
29.52235006486505
71.02825666754879
40.928214129601976
57.438281072529676
10.696781987694933
99.41247167730478
58.09895694010208
31.43317476618769
120.5494573583423
82.49856200059826
129.4573772656995
174.76624486043164
117.45993396443407
64.48707311547106
79.24999161817978
111.23756365440336
86.97709005897066
19.550030661546117
50.234356465149766
161.104186254589
90.27226191915355
136.17558223394747
81.29287074024938
191.1538737097311
104.64497088201801
53.18906313705324
150.1993595748662
53.1950304041934
166.11748688243986
109.21070411456475
70.28801370472826
44.821581484108
120.18207788536242
127.26259129903242
84.20491449149003
166.72577185121685
59.06215209987788
80.77071176808553
161.22072462540893
61.108792003530155
89.35564889034734
113.52131236418845
65.48383475045489
60.63166478284626
129.03189817819973
75.30832859020535
100.18375675669144
111.44306836029712
139.95191135768403
150.58013827630347
108.64035905970387
51.93423748722807
26.687331174993943
195.70806507935364
73.84191805759488
102.5200287816153
124.54648140485935
102.77311224776275
123.30405027586852
84.11657772374868
121.41081978531776
22.477053041538852
89.78416363609814
89.21490075678258
110.49068503328861
75.97339213393722
107.82155364583558
93.71908430624552
129.70212363253194
91.72696942862498
154.18883626689131
70.59548244878201
81.33560885105096
77.519660767235
93.9539635408946
80.49860576965611
136.43796007550054
114.41367205889225
149.27808634377624
168.35681483754882
131.96778590809015
144.67432729561187
73.1481942394922
131.89380545914966
104.71637451869138
57.933745840637805
116.8677674120264
140.63208366032927
176.12863548353542
194.05520123841387
155.57586600302133
188.94688641865451
112.92008132677185
93.4189261967986
79.08548521894227
102.29936489100824
139.00932289912248
84.42179342412524
49.72473055734891
24.025993986880522
128.55911732135928
106.75092516523105
223.2568404392722
90.34436073358772
103.95783230481501
158.49399590713278
123.05628521801209
107.13446510103941
151.04422837768215
65.3907602429496
56.94197738034227
99.62573949834142
178.11254505551165
76.04057935091288
169.01853288172032
68.25385859482975
107.75455894566602
141.95466910906663
167.0955433164452
29.423887977467928
140.03210356415707
71.37593905009815
162.61021053983035
120.66974523475301
120.60509549387378
222.2891953967875
125.72475604819407
134.06608032029942
108.97722582135027
93.15684740268645
38.29469383832628
104.98662334318144
97.62005002727274
55.64381474755072
140.7143355561385
84.22078489488975
32.666199441887244
70.16787264798822
99.26000745749755
129.90282647320348
157.9325218973362
83.0702914865458
68.86507280959862
94.91247059473666
151.00096266316825
130.42735576402754
56.74570344163215
199.5824728609889
118.07426519637119
52.49314152053857
79.2110685756886
95.41220831123827
118.6327675215998
131.2213738963228
102.33626276514947
114.6170181064768
137.82130344270053
116.8114862690646
88.76753179261776
97.86570590962849
49.988068745837744
51.64538864998673
92.22959915804313
62.08979555393894
105.92660192700392
109.57772581396337
178.88358369274692
120.2628571559583
128.33978114255277
121.37254076521668
86.60654793037726
63.0638804484789
35.84522362052208
-6.332594866183257
34.442729880970134
54.01207660599903
91.85530558165205
98.73141126544972
146.60528814266567
150.08710138486776
140.88311635168537
74.37100324190502
125.57301489700848
128.28330849507628
131.7950820740594
80.310387498573
114.28360218857796
80.2048463703284
120.58892619493238
146.98744315159968
30.534917471179625
75.0189743727492
123.17758191769445
140.03292512282633
127.18916965068311
112.57757249941469
149.05233374973773
116.84708398904621
31.935674624132545
48.46377684014886
92.75185801049457
127.72972870244314
106.2554254506855
71.48288438136979
117.92554537666919
114.7751343566023
97.41404463864158
74.27631216272235
133.98162625622007
114.80619923518648
175.9099150917066
168.67160756914754
51.38829531527642
86.79460340915446
104.93624036837788
146.82738563905204
114.54315946540999
48.339957576648814
136.35741747104782
100.90776008232304
33.76514493914101
52.24066339765496
141.32314051280608
106.10679438272662
75.76818877169188
74.16559621113598
68.64384754102832
127.4094374988211
137.6224221083462
12.055998175476773
169.7029024656053
137.4595226338891
127.8514556753822
31.412775834561373
110.54865812261698
48.381532869006946
89.48011594507838
107.22376151497184
103.28054791008287
108.38440702364667
58.559230307211024
43.77963235134486
116.53353570511007
153.28283577967414
65.10917111018753
83.58492101515593
83.943549720862
64.37788651022629
125.30575277488438
125.70786373571146
89.06913801125057
118.98886167619939
159.11165560769942
133.60546756181373
102.69141861321913
91.3856810431626
101.81100838294611
132.1578703811067
69.45375285832212
79.32087315320882
69.01736100691771
68.80254092924258
81.65329685926876
132.71261665892777
128.62605021333243
44.19411967298679
58.219496904453194
105.27162487621187
54.10888097577333
89.22380674837785
59.922970175176154
69.44154084792493
97.21345816615109
52.23796654893856
112.23408171921332
117.95381177228879
144.68652711646612
126.39841307620216
141.92403843157723
123.3157492931299
107.09621698250929
122.45399667932149
41.291035531675284
117.49990695073149
93.64417102895193
84.70305574302327
67.66206755099586
75.6631856677938
63.50051539232541
66.24189024532943
173.47294872461484
92.16514491574189
118.74342952109899
148.72354562925074
88.7398882163665
59.09843000500196
62.04274664032453
109.26794234103
124.1639926073355
21.08972836883528
64.05192396430245
85.97174659827097
101.45302568464727
38.83453862392602
90.65047586789811
126.99491399565065
133.66169980369398
44.534944397843084
85.1821450223855
162.88832097873706
90.22390320161665
187.64529885106555
99.43119787495952
71.57260398097611
58.2511034211369
135.61156906702735
96.74528357276428
118.13737029629308
119.24137840903299
63.08183740045964
82.65480571313292
95.63949880066559
182.338136569804
96.52763952675446
123.11930280121983
158.84214870925365
163.2131687209386
69.01558548276167
80.10769416066493
44.01855878950733
89.42308682225041
162.75263647656246
145.20312187554075
15.687668073971565
15.082341644419088
86.18645256898891
98.63789308889733
109.01558474259043
90.28682662421599
135.4167911572723
71.09442572052728
95.19575129823852
133.00572793170124
112.11512690841899
140.91540772069334
159.9375892652519
78.14582481804226
77.7027157707666
51.865639187350816
53.537595843550164
3.111093646503477
84.55131356566059
149.35151797874312
167.18836606110776
77.16658370335918
115.76125589131605
117.101136788293
54.85445303591695
82.16591849379054
141.423236590132
151.70482244841685
141.65583601898607
-23.00230985641933
144.0997361066054
134.9955077440731
143.8332046761859
45.60496113435046
94.03448031655101
96.95199969471372
61.46413987950521
108.07650608933767
130.01406479143412
79.59878917554636
87.8137368677893
83.36833239040118
43.06255409377033
118.66011229907149
140.3990662406855
72.28667194737805
45.40633379334209
52.835410455083846
52.75403979751786
127.19074264398385
107.98088220679351
106.83058990855159
179.6387007041884
99.85793251991544
79.2044116648785
125.66819952002511
84.1080336684484
152.04191792726982
102.53241439405873
136.84944807270145
89.09639368617566
140.2385315204073
162.544890735145
148.93042025889673
129.26893927631272
51.81273273607546
81.34996012188655
88.13279228932619
92.9318043812142
118.67038770181094
116.49063585505537
146.81523728440828
68.68587914013932
77.21334167710953
112.53499038377277
120.3600494514653
117.40358949018044
134.51507688341744
23.419294651230985
48.59945409283597
115.21671594032858
63.002118267140816
124.01976807903864
66.08408465558969
60.65308068450713
67.28349851214729
84.10802691741718
101.13809570850184
54.55064388125214
118.54964324550164
105.24943324154086
116.88412034908444
129.05441911990954
40.49523568645833
126.5484287207779
82.84560947582138
140.9158633995689
100.71932499983326
129.05805719377454
42.479990898626596
104.26265011898967
-28.365129929917373
108.80159539470148
102.02646631428246
92.65248230771165
41.92289306803403
109.06649857804352
119.0280961567105
14.720368696338184
45.05057795009315
128.45525718288977
137.442272072515
102.80457099675215
88.64641133793732
132.5369424048371
127.53461031260218
63.64141083295505
216.32742762156352
184.16319203097547
212.78008040813668
128.43602123581644
153.6178450093933
89.84501688646381
120.30677651028422
170.1807854929619
112.81954232407308
102.72073863009707
95.31051584123244
141.1601784264622
90.86465287544922
131.8151183054442
74.9107874814631
104.69167316399316
103.86748284272407
83.68490450912924
159.56098873784052
110.53972648174172
133.19780262586048
25.13340618384227
111.21320466981332
84.76501151930736
170.47797813888283
